1035072524
2143926896
977717608
1473928176
677962737
893028158
1239144756
732679117
393835388
963378663
1556310228
1707144898
533179782
1846637178
1419578376
10635401
2131038090
38017869
543480929
1389925609
800303491
98891865
2085591956
1116243636
93503721
354084189
1621105264
1202095500
894884756
1114964601
1282624807
1929957280
1111407849
112858768
1256401809
1789370587
1005886926
348062917
374566056
1399722314
1311441580
1930876284
959383564
1844621362
1630029814
231478292
1855256764
1613584257
269496161
251254045
856026218
1069799652
350145910
794134527
38559640
443649631
1148218716
1659664905
1645745132
2043103472
627145858
780886291
1825577105
1738553708
893745059
934495266
1380440647
1899631985
1282558183
1755006703
1151870652
446516116
1538399340
2111254216
143653830
1020945506
195248861
1998910594
487046115
464745022
102680991
1343072334
1534544675
452826902
2137206861
1573104315
896476533
1137941929
1085285572
394738017
1033561754
1712431431
1175624309
711655211
1303501491
2069369368
1646150477
536458490
1821517706
781225012
